94.254
94.754
92.741
93.66
95.829
94.256
95.728
95.013
95.84
94.431
93.897
96.082
95.017
94.452
95.333
94.241
93.656
94.325
93.317
95.343
93.611
95.263
89.974
93.648
96.569
91.531
96.123
94.454
94.318
90.687
85.499
95.863
95.989
83.223
95.623
93.517
90.778
90.566
91.588
95.481
90.466
88.674
92.474
88.942
94.722
89.883
92.006
92.294
90.245
92.6
85.226
91.152
91.487
91.92
93.01
88.004
91.839
93.022
93.443
92.015
91.866
90.142
94.909
90.802
90.804
92.203
89.917
91.807
91.324
88.694
91.617
86.665
91.571
95.695
76.946
95.798
93.423
94.66
95.21
93.917
92.241
93.648
93.971
93.849
84.763
87.457
93.515
76.19
94.604
49.951
94.332
95.248
83.166
93.322
91.476
93.561
49.555
84.285
93.959
95.132
94.65
91.988
92.636
96.247
94.849
93.575
94.468
96.49
87.849
95.788
94.705
94.688
96.642
94.85
95.042
87.077
94.942
95.541
92.842
94.71
96.322
95.816
94.612
81.365
94.485
95.286
89.664
86.961
93.234
92.731
95.778
94.282
95.172
91.382
96.463
94.469
94.61
93.563
95.345
94.603
94.05
96.658
96.122
96.385
92.893
94.253
93.825
93.457
93.953
93.663
94.307
93.731
93.004
92.937
77.713
93.969
93.822
94.965
93.941
93.776
92.905
92.64
92.048
93.069
93.569
84.117
93.469
94.344
92.185
94.245
92.163
65.239
94.695
94.264
93.084
89.551
93.958
75.204
93.7
96.09
93.43
93.699
88.997
91.167
92.907
45.105
92.372
92.885
89.182
92.629
91.561
45.408
91.393
90.502
89.892
91.343
92.529
92.79
94.301
43.178
45.727
93.237
90.761
92.808
93.369
92.757
93.591
91.159
90.908
90.035
91.72
92.801
92.226
94.947
91.142
91.469
96.311
91.635
89.042
93.185
93.562
95.43
96.577
92.401
58.397
92.655
92.635
92.905
92.905
61.655
93.604
93.393
93.836
92.46
93.702
60.066
93.13
82.76
92.781
93.752
93.417
92.882
94.062
92.684
93.863
94.99
94.105
85.159
92.886
93.213
93.806
82.458
93.488
95.53
93.784
91.799
94.57
96.957
62.868
50.611
95.229
91.448
94.351
93.728
95.275
94.733
89.459
93.434
93.845
93.172
96.201
57.971
93.353
96.073
95.89
95.918
96.292
75.369
95.921
93.612
93.579
93.949
92.943
78.022
93.849
96.167
95.776
93.959
92.275
93.12
89.237
96.908
87.653
91.472
89.821
89.509
89.725
92.677
94.38
91.915
88.248
89.031
87.739
91.218
93.735
90.913
83.71
81.911
89.168
89.526
87.703
92.275
90.158
87.674
86.122
89.406
88.982
89.304
90.312
89.365
93.514
91.489
89.201
88.225
93.696
90.86
89.174
95.479
53.59
94.209
95.12
93.64
95.899
95.344
95.122
94.039
95.925
94.778
96.172
95.003
55.9
93.313
96.716
96.081
95.3
95.882
96.481
95.555
48.68
96.87
96.419
95.973
95.599
94.562
95.905
88.746
69.489
92.987
95.376
95.794
96.665
96.695
96.066
92.943
91.482
94.039
93.143
94.278
92.804
94.509
81.447
92.906
81.768
91.622
92.191
91.486
94.619
91.145
90.661
94.801
93.667
94.386
91.456
92.359
94.067
74.287
92.96
92.789
94.399
94.125
91.796
93.774
94.216
94.249
94.88
92.866
92.207
90.391
79.219
91.02
96.085
96.539
92.809
94.097
96.809
89.016
96.033
95.964
93.734
52.432
93.017
58.951
95.8
92.61
93.183
96.146
52.257
92.37
91.068
95.598
90.004
88.761
93.548
95.301
94.954
95.136
95.191
93.891
96.147
95.699
95.28
61.22
92.809
92.754
92.842
94.863
95.214
95.494
90.586
91.376
91.62
92.621
95.045
95.098
89.1
93.575
93.543
84.672
95.593
96.582
86.5
95.353
92.564
94.32
92.355
93.448
94.238
95.196
94.903
95.364
94.819
94.865
89.564
95.173
94.975
91.14
94.862
94.497
93.306
95.438
94.376
91.754
93.181
95.735
96.781
75.412
89.587
94.799
96.717
82.749
96.43
96.543
95.732
93.711
94.107
95.555
96.985
96.562
95.963
95.294
94.326
94.793
94.547
95.105
73.472
96.368
95.732
94.453
95.925
95.26
94.688
95.233
91.103
93.16
96.195
81.554
96.861
95.95
96.036
94.322
92.8
93.497
91.227
82.486
94.698
85.274
94.757
92.319
92.67
90.947
92.259
94.342
92.712
92.507
92.235
85.459
64.83
91.966
93.333
92.024
87.717
93.436
93.774
94.553
92.844
93.794
92.667
94.246
92.664
60.805
93.072
93.589
93.636
94.368
92.267
90.853
94.311
94.938
96.044
93.996
80.612
94.144
94.178
96.512
95.877
94.548
94.996
96.544
94.408
94.755
90.475
94.279
96.123
95.53
95.598
87.389
91.265
96.377
95.022
95.81
95.662
95.542
95.131
58.862
91.905
94.438
95.917
93.944
96.298
95.445
72.325
51.788
94.682
91.991
92.44
94.389
92.164
87.952
92.424
92.007
89.565
93.974
92.934
91.416
92.618
95.122
93.72
90.932
92.51
76.547
90.761
94.548
70.958
95.488
95.071
93.511
91.804
92.557
85.189
93.013
93.26
91.792
91.297
78.893
94.234
94.346
80.137
93.111
93.55
88.376
93.956
89.557
92.476
93.523
93.847
91.992
93.519
94.234
95.266
62.009
94.672
92.771
92.18
96.175
93.95
82.923
94.562
90.218
94.328
93.162
93.866
91.769
86.713
93.161
93.553
91.709
94.939
93.194
93.153
95.086
63.278
91.807
95.417
93.127
93.922
94.5
92.051
87.869
92.743
93.117
82.24
95.381
93.537
93.784
90.147
93.832
96.341
96.599
92.036
94.828
96.007
95.613
94.835
93.454
95.391
94.124
96.061
87.383
95.934
93.484
95.04
90.056
94.05
93.818
96.099
93.123
94.964
93.435
94.539
91.176
92.772
90.464
94.282
84.571
63.253
94.099
95.645
96.117
95.035
95.62
90.935
94.722
96.106
95.711
94.354
94.583
96.284
95.555
94.372
93.179
94.014
95.996
80.519
93.284
94.836
95.393
49.772
95.543
66.645
92.004
95.823
96.188
92.368
95.59
93.173
95.292
95.054
67.067
95.254
