31.29
27.217
64.057
26.426
74.655
42.546
11.525
37.419
23.923
17.979
15.695
32.538
34.235
15.259
20.909
29.22
44.468
40.198
19.539
8.819
37.421
11.016
10.94
14.781
15.807
48.919
52.632
51.922
39.459
32.079
28.374
15.277
39.613
34.036
18.292
7.048
41.054
25.226
28.13
50.65
28.587
39.275
27.935
18.83
35.171
19.327
32.589
31.868
14.29
15.687
16.578
24.037
13.306
30.961
14.675
34.473
22.1
38.72
19.764
44.076
23.332
27.035
23.941
41.506
16.481
15.924
47.253
26.846
32.833
18.368
34.057
24.456
42.039
23.816
47.793
40.263
44.9
41.131
48.773
18.835
37.879
30.354
35.988
57.372
34.983
24.483
45.646
40.025
41.132
50.757
16.487
43.327
10.152
46.31
19.123
28.051
53.171
29.082
29.929
37.483
21.264
27.121
19.164
26.332
32.653
23.987
11.275
26.194
32.099
56.887
18.005
17.704
25.246
48.71
43.198
35.418
42.44
28.326
15.38
30.094
29.849
20.062
28.116
40.911
40.196
23.093
29.713
13.893
12.965
43.365
16.177
23.011
24.946
28.915
42.469
21.277
32.501
52.012
24.296
38.727
43.373
27.092
38.571
19.978
36.524
37.489
20.891
28.476
14.399
7.647
18.188
25.893
37.883
23.047
36.83
34.836
26.244
17.753
39.752
17.795
32.248
33.058
27.793
25.961
28.165
30.081
44.469
36.893
43.887
26.48
29.073
27.655
35.024
41.361
36.392
49.426
47.45
42.101
35.018
45.642
54.9
18.349
43.618
29.476
44.794
51.506
61.984
40.258
19.266
20.67
42.397
43.23
28.538
12.399
18.388
17.971
23.312
23.917
16.29
22.548
40.37
42.244
19.943
47.364
24.659
39.069
57.485
56.268
17.713
28.299
33.004
47.543
12.422
49.202
28.745
35.88
42.344
20.844
29.04
32.679
25.461
20.486
36.587
19.501
26.98
37.322
31.51
51.904
24.468
35.865
39.481
30.354
26.843
42.145
16.48
25.976
16.433
40.624
26.915
27.631
38.451
28.399
17.578
23.45
14.356
36.757
42.077
54.503
20.484
21.911
18.456
19.401
18.431
46.123
28.818
43.601
31.893
43.065
28.372
47.692
57.807
22.498
20.84
45.106
26.754
55.583
42.251
37.48
12.634
25.679
24.622
52.065
12.434
32.633
37.528
19.008
41.675
41.497
32.012
22.107
50.832
36.991
33.891
49.46
20.395
38.163
36.448
42.682
54.08
16.276
52.279
31.367
33.149
23.968
28.336
21.031
45.366
34.533
47.94
31.793
36.63
33.63
36.409
36.492
22.133
11.753
31.77
21.578
21.438
17.278
31.429
60.57
43.863
12.646
34.541
19.098
15.928
26.095
15.438
35.723
24.933
48.635
42.224
36.544
34.528
54.596
33.8
22.675
15.936
16.902
33.712
35.996
52.047
46.191
22.493
43.695
28.908
33.816
52.486
43.484
24.728
30.314
46.441
24.224
21.716
38.034
27.597
9.312
17.39
42.084
23.57
36.962
30.89
27.814
33.058
30.609
35.108
22.842
58.199
25.064
40.427
53.98
38.867
46.289
41.305
53.642
41.46
29.486
25.287
17.564
43.263
53.221
21.541
47.702
28.046
11.506
22.545
40.194
19.322
27.878
20.251
19.814
41.835
16.366
26.127
39.717
29.904
40.64
30.69
37.659
36.587
38.732
24.367
30.187
29.329
34.459
31.335
44.313
29.266
38.13
27.323
32.838
29.194
36.849
53.689
28.861
54.695
55.602
38.058
52.689
19.515
16.83
41.971
33.348
26.254
29.963
40.533
40.517
32.305
52.072
46.693
30.251
40.857
29.474
17.879
29.107
42.499
36.02
20.895
33.183
22.257
50.389
19.644
24.125
7.643
49.775
28.062
53.302
47.013
42.001
24.155
38.979
34.524
52.585
25.094
26.063
16.967
13.969
37.793
18.74
11.217
24.502
18.381
34.362
46.81
25.805
40.616
41.06
28.278
45.03
48.698
16.851
31.281
39.812
25.327
15.27
16.581
35.109
20.32
37.676
43.036
27.428
40.011
27.224
30.636
17.921
43.42
29.036
35.424
40.328
29.578
19.865
27.524
26.213
28.294
14.921
21.493
45.808
50.999
38.161
20.558
21.661
40.31
41.703
24.983
30.843
18.658
19.268
22.861
52.315
29.755
27.859
28.473
14.756
25.637
24.204
35.551
44.497
7.983
37.431
50.91
26.22
